00000000000000000000000000000000000000000
11111000000000000000000000000000000000000
00001000001111111111111111111111111100000
00001000001000000000000000000000000100000
00001000001000000000000000000000000100000
00001000001111111111111111111111100100000
00001000000000000000000000000000100100000
00001100000000000000000000000000100100000
00000111111111111110000000000000100100000
00000000000000000010000111111111100100000
00000000000000000010000100000000000100000
00001111111111111110000100000000000100000
00001000000000000000000100011111111100000
00001000000000000000000100010000000000000
00001000000000000000000100010000000000000
00001000000000000000000100010000000000000
00001111111111111111000100010001111110000
00000000000000000001000100010001000010000
00001111111111111111000100010001000010000
00011000000000000000000100010001000010000
00010000000000000000000100011111000010000
00011111111111111111111100000000000011100
00000000000000000000000000000000000000100
00000000000000000000000000000000000000100